273.15858	617.81
273.24082	617.85
273.3245	617.89
273.4079	617.93
273.49146	617.97
273.57416	618.01
273.65711	618.05
273.74091	618.1
273.82398	618.14
273.90775	618.18
273.99039	618.22
274.07334	618.26
274.15607	618.3
274.23942	618.34
274.32386	618.38
274.40678	618.42
274.49009	618.46
274.57242	618.5
274.65601	618.54
274.73939	618.58
274.82224	618.62
274.90681	618.66
274.98939	618.7
275.0727	618.74
275.15595	618.78
275.2382	618.82
275.32258	618.86
275.40586	618.91
275.48899	618.95
275.573	618.99
275.65598	619.03
275.73887	619.07
275.82221	619.06
275.90482	619.18
275.98872	619.49
276.07184	619.94
276.15485	620.49
276.23865	621.02
276.32154	621.32
276.40503	621.53
276.48783	621.69
276.57142	621.94
276.65543	622.27
276.7381	622.48
276.82093	622.59
276.90406	622.81
276.98725	623.17
277.07096	623.34
277.15436	623.5
277.23734	623.79
277.32081	624.13
277.40476	624.48
277.48691	624.58
277.56992	624.73
277.65433	625.04
277.73707	625.27
277.81992	625.59
277.90342	626.04
277.98673	626.48
278.06995	626.58
278.15272	626.66
278.23682	626.94
278.31953	627.28
278.40293	627.74
278.48597	628
278.56953	628.14
278.65235	628.3
278.73597	628.68
278.81931	629.03
278.90168	629.33
278.98551	629.85
279.0694	630.28
279.15235	630.52
279.2349	630.78
279.31824	631.03
279.40189	631.23
279.48456	631.51
279.56803	631.84
279.65125	632.05
279.73438	632.27
279.81827	632.59
279.90043	633.06
279.98426	633.68
280.06721	634.19
280.15067	634.62
280.23356	634.79
280.31657	634.97
280.40128	635.33
280.48395	635.54
280.56629	635.71
280.65024	636.07
280.73398	636.66
280.81638	637.13
280.89976	637.41
280.98368	637.62
281.06571	637.91
281.14936	638.35
281.23298	638.69
281.31629	638.86
281.39893	639.14
281.48255	639.42
281.56568	639.69
281.64847	639.97
281.73215	640.42
281.81531	640.68
281.89786	641.09
281.98185	641.69
282.06461	642.16
282.14756	642.31
282.2306	642.62
282.31519	643.11
282.39774	643.42
282.48023	643.74
282.56373	644.29
282.64701	644.65
282.73078	644.69
282.81434	644.9
282.89612	645.41
282.98047	645.77
283.06281	645.98
283.14701	646.27
283.22907	646.52
283.3136	647.08
283.39661	647.54
283.47962	647.84
283.56284	648.29
283.64646	648.76
283.72861	649.13
283.81196	649.32
283.8953	649.79
283.97956	650.27
284.06241	650.38
284.14558	650.71
284.22773	651.04
284.31202	651.35
284.39432	651.79
284.47867	652.18
284.56135	652.4
284.64484	652.71
284.72764	653.17
284.81113	653.45
284.89362	653.7
284.97834	654.08
285.06098	654.38
285.14402	654.79
285.22684	655.41
285.31034	655.86
285.39246	656.12
285.47605	656.42
285.55912	656.79
285.64362	657.15
285.72489	657.55
285.80936	658
285.89234	658.52
285.9762	658.94
286.05851	659.45
286.14268	660
286.22498	660.52
286.30832	661.02
286.39103	661.3
286.47489	661.55
286.5575	661.84
286.64185	662.28
286.72456	662.84
286.80726	663.53
286.89136	664.24
286.97419	664.69
287.05692	665.2
287.14118	665.64
287.22376	666.09
287.30716	666.41
287.39011	666.79
287.47334	667.21
287.5564	667.85
287.64057	668.38
287.7226	668.99
287.80646	669.84
287.88929	670.34
287.97281	670.7
288.055	670.95
288.13889	671.48
288.22181	672.4
288.3053	672.98
288.3888	673.43
288.47187	674.3
288.5543	675.01
288.63807	675.41
288.72135	676.01
288.80436	676.45
288.88697	676.66
288.9701	677.23
289.05341	677.93
289.13694	678.38
289.21772	678.72
289.29795	679.24
289.3841	679.77
289.47083	680.29
289.55192	681
289.63566	681.84
289.71839	682.28
289.80198	682.57
289.88563	682.81
289.96955	683.14
290.05286	683.85
290.13483	684.56
290.21766	685.11
290.3014	685.53
290.38465	686.13
290.46717	686.6
290.54969	687.37
290.63355	688.38
290.71644	689.55
290.80033	690.5
290.88245	690.57
290.96567	690.31
291.0499	690.61
291.13367	691.18
291.215	691.59
291.29954	692.02
291.38154	692.52
291.46537	693.03
291.54813	693.63
291.63135	694.42
291.71466	695.08
291.79743	695.69
291.8805	696.39
291.96396	697.12
292.04709	698.19
292.13044	699.57
292.21326	700.77
292.29719	702.02
292.37937	702.84
292.46262	703.13
292.54621	703.1
292.62912	703.28
292.71189	703.43
292.7959	703.16
292.87775	703.79
292.96259	705.32
293.04496	706.32
293.12815	707.06
293.21076	707.87
293.29438	708.85
293.37708	709.89
293.45945	710.67
293.54215	711.48
293.62708	712
293.70832	712.54
293.7916	713.17
293.87461	714.33
293.95862	715.39
294.0413	715.64
294.1248	716.23
294.20808	717.09
294.29124	717.59
294.37324	718.32
294.4568	719.06
294.53928	719.96
294.62302	721.3
294.70566	722.59
294.78846	723.55
294.87287	724.14
294.95487	724.84
295.03782	725.47
295.12049	726.01
295.20365	727
295.28758	728.09
295.37052	729.14
295.45365	730.01
295.5359	730.86
295.61936	731.71
295.702	732.34
295.78483	733.43
295.86744	734.52
295.95102	735.22
296.03382	736.39
296.11631	737.63
296.19965	738.6
296.28257	739.5
296.36518	740.51
296.44852	742.36
296.5312	744.22
296.6143	745.29
296.69715	745.94
296.78022	746.58
296.8624	747.55
296.94566	748.32
297.02824	749.08
297.11146	750.26
297.19446	751.45
297.27772	752.86
297.35996	754.07
297.4433	754.9
297.52588	755.85
297.60984	757.52
297.69278	759.25
297.7749	760.35
297.85804	761.21
297.9398	762.42
298.02335	763.72
298.10657	765.09
298.18894	766.3
298.2714	767.36
298.35392	769.01
298.43748	770.77
298.52012	772.09
298.60209	772.98
298.68525	774
298.76875	775.93
298.85108	777.74
298.93396	779.39
299.01621	781.76
299.09846	783.26
299.18131	783.95
299.26462	785.14
299.34678	786.74
299.4286	788.86
299.51206	790.8
299.59424	792.17
299.67649	793.64
299.75886	795.5
299.8419	797.59
299.92322	799.38
300.00675	800.84
300.08906	802.5
300.171	804.5
300.2534	806.28
300.33573	808.27
300.41846	810.32
300.50022	812.07
300.58191	814.16
300.66444	816.4
300.74723	818.72
300.82926	821.08
300.91092	824.02
300.99222	826.73
301.0745	828.51
301.1562	831.45
301.23762	834.55
301.31849	836
301.40058	838.11
301.48172	841.41
301.56144	844.54
301.64316	847.2
301.72404	849.95
301.80454	852.32
301.88416	855.33
301.96451	858.57
302.04365	861.46
302.12339	866.43
302.20264	869.22
302.28144	872.21
302.35868	876.28
302.43769	879.03
302.51432	883.67
302.59241	888.16
302.66898	892.04
302.74479	896.66
302.82056	901.31
302.8953	905.66
302.97104	910.2
303.04526	914.91
303.11954	920.37
303.19376	925.71
303.26756	931.14
303.34092	937.69
303.4141	943.71
303.48737	951.09
303.5596	958.09
303.63252	964.89
303.70759	973.07
303.77998	982.18
303.85361	991.48
303.92838	1003.2
304.00354	1014.48
304.07786	1026.51
304.15396	1039.75
304.23133	1054.57
304.30967	1070.59
304.38892	1087.83
304.46955	1107.61
304.5511	1130.6
304.63541	1155.8
304.72098	1182.85
304.80778	1212.63
304.89826	1247.75
304.9899	1285.33
305.08246	1327.02
305.17732	1373.61
305.2729	1421.8
305.37037	1475.18
305.46809	1531.13
305.56635	1588.67
305.66394	1646.79
305.76331	1706.86
305.85966	1762.48
305.95798	1815.79
306.05497	1864.1
306.15122	1907.22
306.24589	1939.4
306.34116	1963.6
306.43467	1980.57
306.52802	1988.07
306.62019	1982.88
306.71208	1969.76
306.80366	1945.97
306.89378	1912.58
306.98359	1873.39
307.07294	1828.5
307.16251	1775.46
307.25141	1716.97
307.33848	1654.51
307.42655	1590.06
307.5134	1524.64
307.60068	1459.13
307.68738	1395.83
307.7736	1334.36
307.85859	1277.53
307.94502	1223.52
308.03098	1172.91
308.1174	1124.79
308.20142	1081.22
308.2873	1041.62
308.373	1006.61
308.45713	975.56
308.54212	946.32
308.62732	920.1
308.71176	896.7
308.79578	875.44
308.88078	856.86
308.96464	840.52
309.04878	825.71
309.13328	813.71
309.21784	802.8
309.30192	792.45
309.38618	783.4
309.46961	776.25
309.5535	769.29
309.63904	762.53
309.72193	756.95
309.80582	751.37
309.8906	746.24
309.97406	742.42
310.05698	738.11
310.14118	734.59
310.22568	731.67
310.30826	728.52
310.39225	725.7
310.47547	723.51
310.55982	720.34
310.645	717.94
310.72758	715.44
310.81098	713.96
310.8956	711.29
310.97859	709.79
311.06199	706.84
311.14576	704.11
311.22986	704.1
311.313	702.2
311.39646	699.8
311.48152	698.46
311.56372	697.69
311.64805	696.01
311.73118	694.48
311.81507	693.29
311.89817	692.55
311.98252	691.67
312.06525	690.21
312.14887	688.83
312.23255	687.36
312.31611	685.87
312.39982	684.72
312.48286	684.16
312.56702	683.04
312.65058	681.83
312.73408	681.41
312.8184	680.76
312.90144	680.01
312.98478	679.2
313.06873	678.47
313.1515	677.35
313.23469	676.3
313.31962	675.86
313.40217	675.34
313.48624	674.35
313.5698	673.21
313.65254	672.43
313.73706	672.01
313.82032	671.11
313.90302	670.38
313.9868	669.75
314.07041	669.37
314.15415	669.17
314.23746	668.12
314.3212	667.09
314.40437	666.68
314.4878	666.38
314.57078	665.82
314.6547	665.41
314.73783	664.89
314.82175	664.15
314.905	663.79
314.9886	663.55
315.07184	663.03
315.15562	662.48
315.23884	662.03
315.32188	661.63
315.40546	660.73
315.48856	660.18
315.57212	659.78
315.6564	659.33
315.73914	658.76
315.82346	658.42
315.90634	658.13
315.98856	657.65
316.07282	657.38
316.15684	657.17
316.23941	657.02
316.32304	656.83
316.40632	656.3
316.48978	655.8
316.57368	655.52
316.65653	655.15
316.741	654.72
316.82438	654.42
316.9076	654.1
316.99033	653.88
317.07456	653.56
317.15812	653.13
317.24091	652.89
317.32422	652.44
317.40796	652.16
317.49137	652.12
317.57526	651.81
317.65769	651.55
317.74238	651.4
317.82541	651.11
317.90836	650.55
317.9915	650.06
318.07563	649.66
318.15848	649.45
318.24189	649.14
318.32578	648.83
318.40884	648.55
318.49226	648.42
318.57584	648.13
318.65906	647.81
318.74226	647.67
318.82581	647.37
318.90876	646.95
318.99311	646.62
319.07624	646.46
319.15916	646.36
319.2421	645.99
319.32672	645.85
319.40964	645.64
319.49317	645.17
319.5759	644.92
319.66007	644.83
319.74426	644.57
319.82636	644.29
319.91028	644.02
319.99418	643.76
320.07724	643.57
320.16028	643.34
320.24418	643.27
320.32758	643.15
320.41065	642.83
320.4947	642.39
320.57728	642.2
320.66117	642.1
320.74494	641.79
320.82847	641.3
320.91108	641.03
320.9943	640.88
321.07795	640.78
321.16172	640.39
321.24433	640.13
321.32804	640.08
321.41153	639.78
321.49484	639.41
321.57859	639.24
321.66194	639.12
321.74528	638.83
321.82825	638.61
321.91194	638.42
321.99555	638.13
322.0785	638.05
322.16254	637.83
322.24552	637.4
322.3289	637.16
322.41196	637.12
322.49631	637.11
322.57914	636.89
322.66209	636.53
322.74619	636.33
322.82898	636.29
322.91239	636.1
322.99619	635.82
323.07904	635.51
323.16224	635.38
323.24586	635.44
323.32862	635.23
323.41187	634.9
323.49628	634.78
323.57904	634.64
323.66196	634.33
323.74631	634.13
323.82932	634.01
323.9126	633.84
323.99519	633.69
324.07978	633.51
324.16312	633.37
324.24613	633.32
324.33018	633.19
324.41294	632.86
324.4964	632.53
324.58048	632.51
324.663	632.49
324.74671	632.26
324.82996	632.13
324.91373	631.99
324.99638	631.75
325.08039	631.6
325.16398	631.53
325.24714	631.28
325.33033	631.03
325.41386	630.96
325.49781	630.9
325.58063	630.61
325.66303	630.47
325.74732	630.36
325.83128	630.15
325.91394	629.99
325.9972	629.94
326.0809	629.75
326.16452	629.58
326.24729	629.48
326.33094	629.32
326.41391	629.18
326.49705	629.14
326.5802	628.9
326.66452	628.58
326.74659	628.45
326.83057	628.32
326.9137	628.13
326.99708	628.02
327.08012	628
327.16428	627.99
327.24802	627.78
327.33085	627.56
327.41407	627.48
327.49762	627.32
327.58042	627.17
327.66438	627.12
327.7482	627.08
327.83115	627.05
327.91446	626.95
327.9978	626.87
328.08161	626.88
328.16446	626.69
328.2475	626.57
328.33097	626.5
328.41446	626.42
328.49826	626.2
328.58072	626.09
328.66398	625.97
328.7482	625.78
328.8311	625.66
328.91535	625.54
328.99787	625.55
329.08164	625.48
329.16541	625.07
329.24848	624.88
329.33094	624.98
329.41508	624.91
329.498	624.72
329.58142	624.58
329.66508	624.61
329.74805	624.54
329.83186	624.41
329.91501	624.26
329.99858	624.04
330.08204	623.97
330.16557	624.01
330.24882	623.75
330.33168	623.54
330.41548	623.36
330.4986	623.27
330.58228	623.17
330.66541	623.12
330.74937	623.2
330.83216	623.19
330.9152	623.03
330.99918	622.91
331.08176	622.75
331.1663	622.72
331.24918	622.77
331.332	622.64
331.41593	622.52
331.49921	622.4
331.58326	622.35
331.66602	622.21
331.74882	622.01
331.83238	621.96
331.91511	621.91
331.99942	621.89
332.08274	621.72
332.16614	621.51
332.25034	621.51
332.33271	621.55
332.41606	621.59
332.49924	621.54
332.58295	621.45
332.66684	621.33
332.74994	621.26
332.83295	621.16
332.91602	621.07
332.99942	620.94
333.08152	620.78
