275.03224	1.87366
275.11897	1.87815
275.20723	1.88273
275.29519	1.88729
275.38332	1.89186
275.47055	1.89639
275.55804	1.90093
275.64643	1.90552
275.73405	1.91007
275.82241	1.91466
275.90959	1.9192
275.99709	1.92375
276.08436	1.92829
276.17229	1.93287
276.26136	1.9375
276.34884	1.94206
276.43673	1.94664
276.52359	1.95117
276.61178	1.95577
276.69975	1.96036
276.78716	1.96492
276.87639	1.96958
276.96352	1.97413
277.05349	1.98079
277.14369	1.98774
277.23281	1.99461
277.32424	2.00166
277.41448	2.00862
277.50456	2.01557
277.5956	2.0226
277.68552	2.02954
277.77536	2.03649
277.86584	2.04363
277.95509	2.05027
278.04514	2.05642
278.13387	2.06203
278.22215	2.0673
278.31134	2.07269
278.40028	2.07874
278.4902	2.08517
278.57953	2.0917
278.66941	2.09799
278.7595	2.10407
278.84852	2.11042
278.93806	2.11713
279.02753	2.12347
279.11664	2.12939
279.20691	2.13595
279.2969	2.14254
279.38597	2.14863
279.4754	2.15459
279.56533	2.16057
279.65415	2.16724
279.74374	2.17382
279.83433	2.18
279.92333	2.18626
280.01214	2.19222
280.10124	2.19782
280.19012	2.20339
280.28012	2.21017
280.3697	2.21698
280.46001	2.22319
280.5486	2.22907
280.63752	2.23459
280.72673	2.24076
280.81694	2.24741
280.90628	2.25393
280.99571	2.25974
281.08495	2.26564
281.17329	2.27161
281.26243	2.27692
281.35195	2.28255
281.44113	2.28878
281.52982	2.29492
281.61938	2.30114
281.70951	2.30762
281.79823	2.31367
281.88766	2.31963
281.97721	2.32596
282.06668	2.3323
282.1566	2.33833
282.24405	2.34362
282.33278	2.34852
282.42096	2.35375
282.50995	2.35928
282.59932	2.36576
282.68877	2.3722
282.77939	2.37811
282.86837	2.38442
282.95713	2.39084
283.04693	2.39669
283.13565	2.40167
283.22332	2.40694
283.3128	2.41304
283.4031	2.41942
283.49108	2.42537
283.58021	2.43085
283.66972	2.43674
283.75951	2.44322
283.84816	2.44923
283.93789	2.45534
284.02714	2.46146
284.11593	2.46746
284.20506	2.47291
284.29433	2.47902
284.38241	2.48455
284.47127	2.48942
284.55928	2.49467
284.64876	2.5012
284.73771	2.50711
284.82766	2.51247
284.91605	2.51831
285.00436	2.52413
285.0952	2.53147
285.18722	2.54021
285.28103	2.55025
285.37395	2.55961
285.46368	2.56756
285.55691	2.57644
285.64846	2.58565
285.74176	2.59475
285.83282	2.60375
285.92544	2.61184
286.01671	2.6201
286.10862	2.629
286.20015	2.63731
286.29208	2.64562
286.38274	2.65413
286.47546	2.6635
286.56705	2.67175
286.6596	2.68004
286.75211	2.6897
286.84405	2.69847
286.93485	2.70712
287.02815	2.71613
287.11865	2.72433
287.21165	2.73298
287.30349	2.74214
287.39588	2.75104
287.48683	2.75919
287.57934	2.76821
287.67081	2.77719
287.76428	2.78594
287.8557	2.79472
287.94712	2.8031
288.03742	2.81058
288.12916	2.81882
288.22016	2.8277
288.31267	2.83662
288.40428	2.84516
288.49749	2.85387
288.58695	2.86206
288.67977	2.87041
288.77058	2.87824
288.86284	2.88664
288.95295	2.89444
289.04496	2.90228
289.135	2.91002
289.22628	2.91796
289.3178	2.92677
289.41077	2.93588
289.50219	2.94469
289.59485	2.953
289.68512	2.96056
289.77481	2.96755
289.86595	2.97459
289.95684	2.98265
290.04735	2.99043
290.1399	2.99872
290.23049	3.00673
290.32255	3.01539
290.41389	3.02378
290.5053	3.03196
290.60026	3.04386
290.69929	3.05872
290.79531	3.07271
290.89247	3.08601
290.98995	3.10066
291.08889	3.11608
291.18673	3.13173
291.28532	3.14643
291.38093	3.15912
291.47877	3.17347
291.5772	3.1884
291.67315	3.20128
291.76905	3.21475
291.86802	3.22995
291.96542	3.24407
292.06325	3.25889
292.16171	3.27474
292.25903	3.28893
292.35596	3.30255
292.45431	3.31737
292.54995	3.33223
292.64398	3.34603
292.74509	3.36099
292.8469	3.37607
292.94099	3.38907
293.03762	3.40196
293.13498	3.41659
293.23412	3.43214
293.33363	3.448
293.43295	3.4634
293.52963	3.47677
293.62465	3.48982
293.72152	3.50386
293.82016	3.51876
293.91727	3.53262
294.01411	3.54694
294.10942	3.55973
294.20507	3.57152
294.29875	3.58231
294.39469	3.59436
294.49305	3.6106
294.59451	3.62884
294.69429	3.64439
294.79201	3.65834
294.88766	3.67266
294.98709	3.68755
295.08305	3.70151
295.18111	3.71574
295.27742	3.72929
295.37327	3.74192
295.4699	3.75524
295.56613	3.7687
295.66222	3.78172
295.75856	3.7946
295.85266	3.80557
295.94532	3.81488
296.03826	3.825
296.1323	3.83511
296.22651	3.84714
296.3249	3.86228
296.43256	3.88635
296.54393	3.91481
296.65528	3.94339
296.77064	3.97474
296.87805	4.0003
296.98433	4.02174
297.09017	4.04521
297.19864	4.07049
297.30582	4.09506
297.41337	4.11899
297.51929	4.14221
297.62619	4.16674
297.73332	4.19117
297.84517	4.21809
297.95192	4.2436
298.0608	4.2692
298.16614	4.29153
298.2734	4.31478
298.38368	4.34238
298.49297	4.36817
298.60034	4.39226
298.70967	4.41843
298.81604	4.4428
298.92441	4.46761
299.03022	4.49094
299.13501	4.51199
299.23855	4.53289
299.34434	4.55588
299.45452	4.58165
299.56082	4.60595
299.66874	4.63092
299.77691	4.65642
299.88276	4.67911
299.98895	4.70137
300.09406	4.72354
300.20048	4.74683
300.30591	4.77001
300.41284	4.79348
300.5201	4.8181
300.62454	4.83971
300.7287	4.86126
300.83665	4.88563
300.94038	4.90656
301.04321	4.9269
301.14887	4.94922
301.25448	4.97191
301.35885	4.99367
301.45846	5.00994
301.5631	5.0319
301.68356	5.06926
301.80643	5.10928
301.9297	5.14948
302.04926	5.18686
302.17174	5.22608
302.29324	5.265
302.4127	5.30124
302.53168	5.33722
302.64935	5.37163
302.76684	5.40688
302.88865	5.44535
303.00834	5.48246
303.12481	5.51497
303.23923	5.54645
303.35682	5.58192
303.47772	5.61968
303.5938	5.654
303.71186	5.68851
303.82886	5.72229
303.94562	5.75668
304.06359	5.79219
304.17711	5.82319
304.29121	5.85373
304.40725	5.88713
304.52541	5.92332
304.64429	5.95904
304.7566	5.98785
304.868	6.01692
304.98127	6.04731
305.09288	6.07667
305.23121	6.13275
305.37673	6.19542
305.5191	6.25448
305.65599	6.30921
305.78779	6.35919
305.92386	6.4118
306.06199	6.46775
306.19931	6.52282
306.33345	6.57459
306.46668	6.62478
306.59908	6.67586
306.73801	6.73126
306.87293	6.78387
307.00412	6.83312
307.13775	6.88435
307.26932	6.93359
307.40087	6.98241
307.53314	7.03292
307.68902	7.10711
307.84499	7.18055
308.00052	7.25329
308.15372	7.32446
308.30054	7.38962
308.4483	7.45608
308.60611	7.53161
308.75192	7.59572
308.8952	7.65758
309.05208	7.73359
309.2053	7.80472
309.34496	7.86324
309.53654	7.9751
309.75353	8.11037
309.96649	8.24245
310.18132	8.37678
310.38654	8.50238
310.59066	8.62615
310.79411	8.75046
310.97709	8.8537
311.18009	8.97745
311.37903	9.09759
311.56124	9.20256
311.76169	9.324
311.95926	9.44494
312.2714	9.67899
312.58125	9.91227
312.87728	10.13249
313.17072	10.35016
313.46082	10.56552
313.75133	10.78029
314.0309	10.98564
314.29961	11.18007
314.56747	11.37371
314.83008	11.56252
315.07473	11.73381
315.323	11.9089
315.55238	12.06501
316.08371	12.52411
316.68184	13.04932
317.27386	13.56627
317.81928	14.0393
318.36502	14.51141
318.87652	14.94814
319.38835	15.38481
319.87182	15.79396
320.34301	16.18905
320.79084	16.55951
321.21802	16.90835
321.6236	17.23468
321.99072	17.52117
322.40917	17.85807
322.86845	18.23304
323.29542	18.57444
323.67686	18.86908
323.99738	19.09912
324.27936	19.28946
324.49886	19.4164
324.66118	19.48386
324.80369	19.53079
324.88992	19.51955
324.94667	19.47858
324.72107	19.15472
324.38384	18.7199
324.06153	18.29822
323.80316	17.9435
323.59552	17.63754
323.44765	17.39268
323.35672	17.2055
323.36535	17.11946
323.44798	17.10682
323.58805	17.15338
323.70673	17.17871
323.69736	17.07717
323.75584	17.04376
323.90724	17.10358
324.14717	17.25339
324.44643	17.46284
324.8099	17.73696
325.26981	18.1073
325.81163	18.56022
326.43261	19.09413
327.11912	19.69257
327.83408	20.32068
328.39717	20.79649
328.97348	21.2861
329.56816	21.79456
330.13637	22.27778
330.68943	22.74441
331.22057	23.18959
331.73649	23.61909
332.20276	24.00134
332.59691	24.30961
332.9036	24.5306
333.13541	24.67828
333.34791	24.80579
333.51016	24.88284
333.60313	24.89137
333.63798	24.8422
333.58585	24.70507
333.4698	24.50516
333.2987	24.24992
333.03205	23.89877
332.72212	23.50428
332.38843	23.08651
332.00407	22.61789
331.56074	22.09113
331.22983	21.67633
330.95189	21.31285
330.64905	20.92712
330.33462	20.5288
329.99675	20.10615
329.6255	19.65144
329.26504	19.20806
328.87147	18.73029
328.4564	18.23072
328.05371	17.74545
327.63043	17.23818
327.19273	16.71726
326.94291	16.38309
326.74231	16.09731
326.5499	15.82232
326.33052	15.51954
326.13162	15.23602
325.91055	14.93196
325.71698	14.65499
325.51495	14.36919
325.25545	14.02559
325.03527	13.72227
324.82202	13.42556
324.58152	13.1
324.43199	12.86827
324.32233	12.67428
324.21077	12.47959
324.09091	12.27584
323.96379	12.06562
323.83633	11.85381
323.72087	11.65562
323.60156	11.45269
323.48261	11.25006
323.36315	11.04704
323.23717	10.83735
323.10222	10.61936
323.03075	10.46373
322.97512	10.32454
322.90731	10.17323
322.84184	10.02344
322.77854	9.8771
322.71542	9.73064
322.65018	9.58145
322.59102	9.43952
322.53005	9.29536
322.4586	9.13898
322.39012	8.98795
322.32616	8.83992
322.30142	8.73162
322.27934	8.6268
322.25164	8.51458
322.2302	8.40988
322.20663	8.30361
322.18108	8.19428
322.15237	8.08196
322.12111	7.96696
322.09999	7.86253
322.07811	7.75691
322.04885	7.64448
322.01812	7.53032
322.01708	7.4463
322.01861	7.36391
322.0214	7.28357
322.02627	7.20452
322.02688	7.12188
322.02599	7.03739
322.02801	6.95617
322.03013	6.87451
322.0311	6.79226
322.03142	6.70954
322.03654	6.63108
322.03801	6.54945
322.05533	6.48321
322.07602	6.41962
322.09737	6.35823
322.11675	6.29329
322.13525	6.22891
322.15539	6.16683
322.17374	6.10092
322.19149	6.03465
322.20824	5.96883
322.22557	5.90253
322.24571	5.83939
322.26555	5.77577
322.29266	5.71898
322.32154	5.66501
322.35122	5.61022
322.37946	5.55508
322.40772	5.50012
322.43482	5.44449
322.46323	5.38867
322.49227	5.33415
322.51935	5.27844
322.54827	5.22405
322.57583	5.16787
322.60127	5.1099
322.63997	5.06471
322.67874	5.02105
322.71766	4.97528
322.75688	4.93147
322.79796	4.8896
322.83859	4.84709
322.87881	4.80318
322.9171	4.75862
322.9562	4.71431
322.99551	4.66973
323.03414	4.6253
323.07183	4.57957
323.11064	4.5348
323.14945	4.49039
323.18696	4.4447
323.22567	4.39986
323.26485	4.35609
323.30393	4.31082
323.354	4.27776
323.4047	4.24554
323.45709	4.21499
323.50896	4.18224
323.56027	4.15063
323.61353	4.12036
323.66484	4.08894
323.716	4.05593
323.76817	4.02391
323.81923	3.99287
323.87121	3.96093
323.92305	3.92887
323.974	3.89676
324.02508	3.8648
324.07575	3.83157
324.12632	3.79874
324.17785	3.7672
324.23064	3.73594
324.28104	3.70376
324.33167	3.6705
324.38337	3.63843
324.4359	3.60743
324.48659	3.57551
324.5369	3.5426
324.59642	3.51847
324.65821	3.49649
324.71844	3.47411
324.77828	3.45024
324.8393	3.42777
324.90052	3.40568
324.96096	3.38237
325.0208	3.35886
325.08153	3.33625
325.1416	3.31335
325.20199	3.29005
325.26279	3.26724
325.32206	3.24356
325.38278	3.22024
325.44374	3.19822
325.50403	3.17513
325.56306	3.1511
325.62283	3.12652
325.68255	3.10341
325.74299	3.0809
325.80347	3.05728
325.8622	3.03322
325.92206	3.00967
325.98261	2.98642
326.04815	2.96911
326.11337	2.95113
326.178	2.93214
326.24321	2.91459
326.30931	2.89744
326.37534	2.87906
326.44017	2.86113
326.50588	2.84392
326.57214	2.82583
326.63701	2.80769
326.70233	2.78973
326.76696	2.77177
326.83327	2.75349
326.89839	2.73527
326.96288	2.71675
327.02848	2.6983
327.09393	2.68099
327.15988	2.66348
327.22502	2.64454
327.28889	2.62589
327.35456	2.60785
327.41946	2.5895
327.48475	2.57102
327.54959	2.55321
327.62077	2.54038
327.69151	2.52753
327.76258	2.51544
327.83366	2.50333
327.9043	2.49044
327.97525	2.47744
328.04614	2.46551
328.11609	2.45306
328.18749	2.44017
328.25897	2.42769
328.32917	2.41523
328.39941	2.40221
328.47057	2.38967
328.54159	2.37707
328.61157	2.36428
328.68253	2.35159
328.75283	2.33892
328.82289	2.32584
328.8937	2.3135
328.96576	2.30124
329.03521	2.28862
329.10626	2.27569
329.17676	2.26306
329.24724	2.25016
329.31706	2.23694
329.38776	2.22348
329.45883	2.21081
329.52914	2.19829
329.5993	2.18523
329.66999	2.17237
329.73998	2.15956
329.81063	2.14625
329.88109	2.13289
329.9508	2.11965
330.02103	2.10657
330.0912	2.0934
330.1655	2.08389
330.23972	2.07526
330.31385	2.06635
330.38821	2.05724
330.46263	2.04817
330.53773	2.03947
330.61129	2.03057
330.68559	2.02161
330.76098	2.01278
330.83495	2.00385
330.91008	1.99473
330.98328	1.98541
331.05785	1.97621
331.13347	1.96806
331.20773	1.95925
331.28056	1.94962
331.35543	1.94035
331.42957	1.93157
331.50396	1.92254
331.57807	1.91299
331.65185	1.9038
331.72653	1.89467
331.80071	1.8857
331.87546	1.87688
331.94963	1.86759
332.02353	1.85796
332.09809	1.84927
332.17213	1.84045
332.24692	1.83144
332.32081	1.82221
332.39524	1.81296
332.469	1.80359
332.54314	1.79377
332.61648	1.78432
332.69048	1.77528
332.76518	1.766
332.83876	1.757
332.91368	1.74738
332.9869	1.73772
333.06059	1.72859
333.13522	1.71929
333.20925	1.71004
333.28375	1.70049
333.35738	1.69136
333.43118	1.68236
333.50522	1.67284
333.57854	1.66343
333.65318	1.65376
333.72732	1.64458
333.80164	1.6355
333.8761	1.62576
333.94882	1.61611
334.02242	1.60636
334.0961	1.59686
334.17418	1.59123
334.25257	1.58573
334.33007	1.58013
334.40757	1.57462
334.48508	1.56906
334.56302	1.5636
334.63979	1.55827
