273.15858	1.87366
273.24082	1.87815
273.3245	1.88273
273.4079	1.88729
273.49146	1.89186
273.57416	1.89639
273.65711	1.90093
273.74091	1.90552
273.82398	1.91007
273.90775	1.91466
273.99039	1.9192
274.07334	1.92375
274.15607	1.92829
274.23942	1.93287
274.32386	1.9375
274.40678	1.94206
274.49009	1.94664
274.57242	1.95117
274.65601	1.95577
274.73939	1.96036
274.82224	1.96492
274.90681	1.96958
274.98939	1.97413
275.0727	1.98079
275.15595	1.98774
275.2382	1.99461
275.32258	2.00166
275.40586	2.00862
275.48899	2.01557
275.573	2.0226
275.65598	2.02954
275.73887	2.03649
275.82221	2.04363
275.90482	2.05027
275.98872	2.05642
276.07184	2.06203
276.15485	2.0673
276.23865	2.07269
276.32154	2.07874
276.40503	2.08517
276.48783	2.0917
276.57142	2.09799
276.65543	2.10407
276.7381	2.11042
276.82093	2.11713
276.90406	2.12347
276.98725	2.12939
277.07096	2.13595
277.15436	2.14254
277.23734	2.14863
277.32081	2.15459
277.40476	2.16057
277.48691	2.16724
277.56992	2.17382
277.65433	2.18
277.73707	2.18626
277.81992	2.19222
277.90342	2.19782
277.98673	2.20339
278.06995	2.21017
278.15272	2.21698
278.23682	2.22319
278.31953	2.22907
278.40293	2.23459
278.48597	2.24076
278.56953	2.24741
278.65235	2.25393
278.73597	2.25974
278.81931	2.26564
278.90168	2.27161
278.98551	2.27692
279.0694	2.28255
279.15235	2.28878
279.2349	2.29492
279.31824	2.30114
279.40189	2.30762
279.48456	2.31367
279.56803	2.31963
279.65125	2.32596
279.73438	2.3323
279.81827	2.33833
279.90043	2.34362
279.98426	2.34852
280.06721	2.35375
280.15067	2.35928
280.23356	2.36576
280.31657	2.3722
280.40128	2.37811
280.48395	2.38442
280.56629	2.39084
280.65024	2.39669
280.73398	2.40167
280.81638	2.40694
280.89976	2.41304
280.98368	2.41942
281.06571	2.42537
281.14936	2.43085
281.23298	2.43674
281.31629	2.44322
281.39893	2.44923
281.48255	2.45534
281.56568	2.46146
281.64847	2.46746
281.73215	2.47291
281.81531	2.47902
281.89786	2.48455
281.98185	2.48942
282.06461	2.49467
282.14756	2.5012
282.2306	2.50711
282.31519	2.51247
282.39774	2.51831
282.48023	2.52413
282.56373	2.53147
282.64701	2.54021
282.73078	2.55025
282.81434	2.55961
282.89612	2.56756
282.98047	2.57644
283.06281	2.58565
283.14701	2.59475
283.22907	2.60375
283.3136	2.61184
283.39661	2.6201
283.47962	2.629
283.56284	2.63731
283.64646	2.64562
283.72861	2.65413
283.81196	2.6635
283.8953	2.67175
283.97956	2.68004
284.06241	2.6897
284.14558	2.69847
284.22773	2.70712
284.31202	2.71613
284.39432	2.72433
284.47867	2.73298
284.56135	2.74214
284.64484	2.75104
284.72764	2.75919
284.81113	2.76821
284.89362	2.77719
284.97834	2.78594
285.06098	2.79472
285.14402	2.8031
285.22684	2.81058
285.31034	2.81882
285.39246	2.8277
285.47605	2.83662
285.55912	2.84516
285.64362	2.85387
285.72489	2.86206
285.80936	2.87041
285.89234	2.87824
285.9762	2.88664
286.05851	2.89444
286.14268	2.90228
286.22498	2.91002
286.30832	2.91796
286.39103	2.92677
286.47489	2.93588
286.5575	2.94469
286.64185	2.953
286.72456	2.96056
286.80726	2.96755
286.89136	2.97459
286.97419	2.98265
287.05692	2.99043
287.14118	2.99872
287.22376	3.00673
287.30716	3.01539
287.39011	3.02378
287.47334	3.03196
287.5564	3.04386
287.64057	3.05872
287.7226	3.07271
287.80646	3.08601
287.88929	3.10066
287.97281	3.11608
288.055	3.13173
288.13889	3.14643
288.22181	3.15912
288.3053	3.17347
288.3888	3.1884
288.47187	3.20128
288.5543	3.21475
288.63807	3.22995
288.72135	3.24407
288.80436	3.25889
288.88697	3.27474
288.9701	3.28893
289.05341	3.30255
289.13694	3.31737
289.21772	3.33223
289.29795	3.34603
289.3841	3.36099
289.47083	3.37607
289.55192	3.38907
289.63566	3.40196
289.71839	3.41659
289.80198	3.43214
289.88563	3.448
289.96955	3.4634
290.05286	3.47677
290.13483	3.48982
290.21766	3.50386
290.3014	3.51876
290.38465	3.53262
290.46717	3.54694
290.54969	3.55973
290.63355	3.57152
290.71644	3.58231
290.80033	3.59436
290.88245	3.6106
290.96567	3.62884
291.0499	3.64439
291.13367	3.65834
291.215	3.67266
291.29954	3.68755
291.38154	3.70151
291.46537	3.71574
291.54813	3.72929
291.63135	3.74192
291.71466	3.75524
291.79743	3.7687
291.8805	3.78172
291.96396	3.7946
292.04709	3.80557
292.13044	3.81488
292.21326	3.825
292.29719	3.83511
292.37937	3.84714
292.46262	3.86228
292.54621	3.88635
292.62912	3.91481
292.71189	3.94339
292.7959	3.97474
292.87775	4.0003
292.96259	4.02174
293.04496	4.04521
293.12815	4.07049
293.21076	4.09506
293.29438	4.11899
293.37708	4.14221
293.45945	4.16674
293.54215	4.19117
293.62708	4.21809
293.70832	4.2436
293.7916	4.2692
293.87461	4.29153
293.95862	4.31478
294.0413	4.34238
294.1248	4.36817
294.20808	4.39226
294.29124	4.41843
294.37324	4.4428
294.4568	4.46761
294.53928	4.49094
294.62302	4.51199
294.70566	4.53289
294.78846	4.55588
294.87287	4.58165
294.95487	4.60595
295.03782	4.63092
295.12049	4.65642
295.20365	4.67911
295.28758	4.70137
295.37052	4.72354
295.45365	4.74683
295.5359	4.77001
295.61936	4.79348
295.702	4.8181
295.78483	4.83971
295.86744	4.86126
295.95102	4.88563
296.03382	4.90656
296.11631	4.9269
296.19965	4.94922
296.28257	4.97191
296.36518	4.99367
296.44852	5.00994
296.5312	5.0319
296.6143	5.06926
296.69715	5.10928
296.78022	5.14948
296.8624	5.18686
296.94566	5.22608
297.02824	5.265
297.11146	5.30124
297.19446	5.33722
297.27772	5.37163
297.35996	5.40688
297.4433	5.44535
297.52588	5.48246
297.60984	5.51497
297.69278	5.54645
297.7749	5.58192
297.85804	5.61968
297.9398	5.654
298.02335	5.68851
298.10657	5.72229
298.18894	5.75668
298.2714	5.79219
298.35392	5.82319
298.43748	5.85373
298.52012	5.88713
298.60209	5.92332
298.68525	5.95904
298.76875	5.98785
298.85108	6.01692
298.93396	6.04731
299.01621	6.07667
299.09846	6.13275
299.18131	6.19542
299.26462	6.25448
299.34678	6.30921
299.4286	6.35919
299.51206	6.4118
299.59424	6.46775
299.67649	6.52282
299.75886	6.57459
299.8419	6.62478
299.92322	6.67586
300.00675	6.73126
300.08906	6.78387
300.171	6.83312
300.2534	6.88435
300.33573	6.93359
300.41846	6.98241
300.50022	7.03292
300.58191	7.10711
300.66444	7.18055
300.74723	7.25329
300.82926	7.32446
300.91092	7.38962
300.99222	7.45608
301.0745	7.53161
301.1562	7.59572
301.23762	7.65758
301.31849	7.73359
301.40058	7.80472
301.48172	7.86324
301.56144	7.9751
301.64316	8.11037
301.72404	8.24245
301.80454	8.37678
301.88416	8.50238
301.96451	8.62615
302.04365	8.75046
302.12339	8.8537
302.20264	8.97745
302.28144	9.09759
302.35868	9.20256
302.43769	9.324
302.51432	9.44494
302.59241	9.67899
302.66898	9.91227
302.74479	10.13249
302.82056	10.35016
302.8953	10.56552
302.97104	10.78029
303.04526	10.98564
303.11954	11.18007
303.19376	11.37371
303.26756	11.56252
303.34092	11.73381
303.4141	11.9089
303.48737	12.06501
303.5596	12.52411
303.63252	13.04932
303.70759	13.56627
303.77998	14.0393
303.85361	14.51141
303.92838	14.94814
304.00354	15.38481
304.07786	15.79396
304.15396	16.18905
304.23133	16.55951
304.30967	16.90835
304.38892	17.23468
304.46955	17.52117
304.5511	17.85807
304.63541	18.23304
304.72098	18.57444
304.80778	18.86908
304.89826	19.09912
304.9899	19.28946
305.08246	19.4164
305.17732	19.48386
305.2729	19.53079
305.37037	19.51955
305.46809	19.47858
305.56635	19.15472
305.66394	18.7199
305.76331	18.29822
305.85966	17.9435
305.95798	17.63754
306.05497	17.39268
306.15122	17.2055
306.24589	17.11946
306.34116	17.10682
306.43467	17.15338
306.52802	17.17871
306.62019	17.07717
306.71208	17.04376
306.80366	17.10358
306.89378	17.25339
306.98359	17.46284
307.07294	17.73696
307.16251	18.1073
307.25141	18.56022
307.33848	19.09413
307.42655	19.69257
307.5134	20.32068
307.60068	20.79649
307.68738	21.2861
307.7736	21.79456
307.85859	22.27778
307.94502	22.74441
308.03098	23.18959
308.1174	23.61909
308.20142	24.00134
308.2873	24.30961
308.373	24.5306
308.45713	24.67828
308.54212	24.80579
308.62732	24.88284
308.71176	24.89137
308.79578	24.8422
308.88078	24.70507
308.96464	24.50516
309.04878	24.24992
309.13328	23.89877
309.21784	23.50428
309.30192	23.08651
309.38618	22.61789
309.46961	22.09113
309.5535	21.67633
309.63904	21.31285
309.72193	20.92712
309.80582	20.5288
309.8906	20.10615
309.97406	19.65144
310.05698	19.20806
310.14118	18.73029
310.22568	18.23072
310.30826	17.74545
310.39225	17.23818
310.47547	16.71726
310.55982	16.38309
310.645	16.09731
310.72758	15.82232
310.81098	15.51954
310.8956	15.23602
310.97859	14.93196
311.06199	14.65499
311.14576	14.36919
311.22986	14.02559
311.313	13.72227
311.39646	13.42556
311.48152	13.1
311.56372	12.86827
311.64805	12.67428
311.73118	12.47959
311.81507	12.27584
311.89817	12.06562
311.98252	11.85381
312.06525	11.65562
312.14887	11.45269
312.23255	11.25006
312.31611	11.04704
312.39982	10.83735
312.48286	10.61936
312.56702	10.46373
312.65058	10.32454
312.73408	10.17323
312.8184	10.02344
312.90144	9.8771
312.98478	9.73064
313.06873	9.58145
313.1515	9.43952
313.23469	9.29536
313.31962	9.13898
313.40217	8.98795
313.48624	8.83992
313.5698	8.73162
313.65254	8.6268
313.73706	8.51458
313.82032	8.40988
313.90302	8.30361
313.9868	8.19428
314.07041	8.08196
314.15415	7.96696
314.23746	7.86253
314.3212	7.75691
314.40437	7.64448
314.4878	7.53032
314.57078	7.4463
314.6547	7.36391
314.73783	7.28357
314.82175	7.20452
314.905	7.12188
314.9886	7.03739
315.07184	6.95617
315.15562	6.87451
315.23884	6.79226
315.32188	6.70954
315.40546	6.63108
315.48856	6.54945
315.57212	6.48321
315.6564	6.41962
315.73914	6.35823
315.82346	6.29329
315.90634	6.22891
315.98856	6.16683
316.07282	6.10092
316.15684	6.03465
316.23941	5.96883
316.32304	5.90253
316.40632	5.83939
316.48978	5.77577
316.57368	5.71898
316.65653	5.66501
316.741	5.61022
316.82438	5.55508
316.9076	5.50012
316.99033	5.44449
317.07456	5.38867
317.15812	5.33415
317.24091	5.27844
317.32422	5.22405
317.40796	5.16787
317.49137	5.1099
317.57526	5.06471
317.65769	5.02105
317.74238	4.97528
317.82541	4.93147
317.90836	4.8896
317.9915	4.84709
318.07563	4.80318
318.15848	4.75862
318.24189	4.71431
318.32578	4.66973
318.40884	4.6253
318.49226	4.57957
318.57584	4.5348
318.65906	4.49039
318.74226	4.4447
318.82581	4.39986
318.90876	4.35609
318.99311	4.31082
319.07624	4.27776
319.15916	4.24554
319.2421	4.21499
319.32672	4.18224
319.40964	4.15063
319.49317	4.12036
319.5759	4.08894
319.66007	4.05593
319.74426	4.02391
319.82636	3.99287
319.91028	3.96093
319.99418	3.92887
320.07724	3.89676
320.16028	3.8648
320.24418	3.83157
320.32758	3.79874
320.41065	3.7672
320.4947	3.73594
320.57728	3.70376
320.66117	3.6705
320.74494	3.63843
320.82847	3.60743
320.91108	3.57551
320.9943	3.5426
321.07795	3.51847
321.16172	3.49649
321.24433	3.47411
321.32804	3.45024
321.41153	3.42777
321.49484	3.40568
321.57859	3.38237
321.66194	3.35886
321.74528	3.33625
321.82825	3.31335
321.91194	3.29005
321.99555	3.26724
322.0785	3.24356
322.16254	3.22024
322.24552	3.19822
322.3289	3.17513
322.41196	3.1511
322.49631	3.12652
322.57914	3.10341
322.66209	3.0809
322.74619	3.05728
322.82898	3.03322
322.91239	3.00967
322.99619	2.98642
323.07904	2.96911
323.16224	2.95113
323.24586	2.93214
323.32862	2.91459
323.41187	2.89744
323.49628	2.87906
323.57904	2.86113
323.66196	2.84392
323.74631	2.82583
323.82932	2.80769
323.9126	2.78973
323.99519	2.77177
324.07978	2.75349
324.16312	2.73527
324.24613	2.71675
324.33018	2.6983
324.41294	2.68099
324.4964	2.66348
324.58048	2.64454
324.663	2.62589
324.74671	2.60785
324.82996	2.5895
324.91373	2.57102
324.99638	2.55321
325.08039	2.54038
325.16398	2.52753
325.24714	2.51544
325.33033	2.50333
325.41386	2.49044
325.49781	2.47744
325.58063	2.46551
325.66303	2.45306
325.74732	2.44017
325.83128	2.42769
325.91394	2.41523
325.9972	2.40221
326.0809	2.38967
326.16452	2.37707
326.24729	2.36428
326.33094	2.35159
326.41391	2.33892
326.49705	2.32584
326.5802	2.3135
326.66452	2.30124
326.74659	2.28862
326.83057	2.27569
326.9137	2.26306
326.99708	2.25016
327.08012	2.23694
327.16428	2.22348
327.24802	2.21081
327.33085	2.19829
327.41407	2.18523
327.49762	2.17237
327.58042	2.15956
327.66438	2.14625
327.7482	2.13289
327.83115	2.11965
327.91446	2.10657
327.9978	2.0934
328.08161	2.08389
328.16446	2.07526
328.2475	2.06635
328.33097	2.05724
328.41446	2.04817
328.49826	2.03947
328.58072	2.03057
328.66398	2.02161
328.7482	2.01278
328.8311	2.00385
328.91535	1.99473
328.99787	1.98541
329.08164	1.97621
329.16541	1.96806
329.24848	1.95925
329.33094	1.94962
329.41508	1.94035
329.498	1.93157
329.58142	1.92254
329.66508	1.91299
329.74805	1.9038
329.83186	1.89467
329.91501	1.8857
329.99858	1.87688
330.08204	1.86759
330.16557	1.85796
330.24882	1.84927
330.33168	1.84045
330.41548	1.83144
330.4986	1.82221
330.58228	1.81296
330.66541	1.80359
330.74937	1.79377
330.83216	1.78432
330.9152	1.77528
330.99918	1.766
331.08176	1.757
331.1663	1.74738
331.24918	1.73772
331.332	1.72859
331.41593	1.71929
331.49921	1.71004
331.58326	1.70049
331.66602	1.69136
331.74882	1.68236
331.83238	1.67284
331.91511	1.66343
331.99942	1.65376
332.08274	1.64458
332.16614	1.6355
332.25034	1.62576
332.33271	1.61611
332.41606	1.60636
332.49924	1.59686
332.58295	1.59123
332.66684	1.58573
332.74994	1.58013
332.83295	1.57462
332.91602	1.56906
332.99942	1.5636
333.08152	1.55827
